# número de direcciones:
45
# tamaño de página:
5
# mínimo reubicación:
15
# procesos:
# Tll,Nm,dir1,dir2,dir3,...
5,5,19,19,19,19,19,19,19,19,19,19
5,5,19,19,19,19,19,19,19,19,19,19,19,19,19,19
5,6,19,19,19,19,19,19,19,19,19,19
5,6,19,19,19,19,19,19,19,19,19,19,19,19,19
5,4,19,19,19,19,19,19,19,19,19,19,19,19,19,19,19
5,5,19,19,19,19,19,19,19,19,19,19,19,19,19,19,19
5,5,19,19,19,19,19,19,19,19,19,19,19,19
5,6,19,19,19,19,19,19,19,19
5,7,19,19,19,19,19,19,19,19,19,19,19,19,19,19
5,6,19,19,19,19,19,19,19,19,19,19,19,19,19,19,19,19
5,7,19,19,19,19,19,19,19,19,19,19
5,7,19,19,19,19,19,19,19,19,19,19,19,19,19
5,4,19,19,19,19,19,19,19,19,19,19,19,19,19,19,19,19,19
5,4,19,19,19,19,19,19,19,19,19,19,19,19,19
5,5,19,19,19,19,19,19,19,19,19,19,19,19,19,19,19,19,19
5,6,19,19,19,19,19,19,19,19,19,19
5,6,19,19,19,19,19,19,19,19,19,19,19,19,19
5,5,19,19,19,19,19,19,19,19,19,19,19,19
5,5,19,19,19,19,19,19,19,19
